0.0000000000 2.2360679775 3.7416573868 3.4641016151 4.4721359550 2.2360679775
2.2360679775 0.0000000000 3.3166247904 5.3851648071 2.2360679775 2.8284271247
3.7416573868 3.3166247904 0.0000000000 7.0710678119 4.2426406871 1.7320508076
3.4641016151 5.3851648071 7.0710678119 0.0000000000 7.4833147735 5.3851648071
4.4721359550 2.2360679775 4.2426406871 7.4833147735 0.0000000000 4.5825756950
2.2360679775 2.8284271247 1.7320508076 5.3851648071 4.5825756950 0.0000000000
